1,1.47943,1.84147,1.99749,1.9093,1.59847,1.14112,0.649217,0.243198,0.0224699,0.0410757,0.29446,0.720585,1.21512,1.65699,1.938,1.98936,1.79849,1.41212,0.924849,0.455979
1.47943,1.95885,2.3209,2.47692,2.38872,2.0779,1.62055,1.12864,0.722623,0.501895,0.520501,0.773885,1.20001,1.69455,2.13641,2.41743,2.46878,2.27791,1.89154,1.40427,0.935404
1.84147,2.3209,2.68294,2.83897,2.75077,2.43994,1.98259,1.49069,1.08467,0.863941,0.882547,1.13593,1.56206,2.05659,2.49846,2.77947,2.83083,2.63996,2.25359,1.76632,1.29745
1.99749,2.47692,2.83897,2.99499,2.90679,2.59597,2.13862,1.64671,1.24069,1.01996,1.03857,1.29195,1.71808,2.21262,2.65448,2.93549,2.98685,2.79598,2.40961,1.92234,1.45347
1.9093,2.38872,2.75077,2.90679,2.81859,2.50777,2.05042,1.55851,1.15249,0.931767,0.950373,1.20376,1.62988,2.12442,2.56628,2.8473,2.89866,2.70778,2.32142,1.83415,1.36528
1.59847,2.0779,2.43994,2.59597,2.50777,2.19694,1.73959,1.24769,0.84167,0.620942,0.639548,0.892932,1.31906,1.81359,2.25546,2.53647,2.58783,2.39696,2.01059,1.52332,1.05445
1.14112,1.62055,1.98259,2.13862,2.05042,1.73959,1.28224,0.790337,0.384318,0.16359,0.182196,0.43558,0.861705,1.35624,1.79811,2.07912,2.13048,1.93961,1.55324,1.06597,0.597099
0.649217,1.12864,1.49069,1.64671,1.55851,1.24769,0.790337,0.298434,-0.107586,-0.328313,-0.309708,-0.0563235,0.369801,0.864337,1.3062,1.58722,1.63858,1.4477,1.06134,0.574066,0.105196
0.243198,0.722623,1.08467,1.24069,1.15249,0.84167,0.384318,-0.107586,-0.513605,-0.734333,-0.715727,-0.462343,-0.0362179,0.458318,0.900184,1.1812,1.23256,1.04168,0.655316,0.168046,-0.300824
0.0224699,0.501895,0.863941,1.01996,0.931767,0.620942,0.16359,-0.328313,-0.734333,-0.95506,-0.936454,-0.68307,-0.256946,0.23759,0.679456,0.96047,1.01183,0.820957,0.434588,-0.0526812,-0.521551
0.0410757,0.520501,0.882547,1.03857,0.950373,0.639548,0.182196,-0.309708,-0.715727,-0.936454,-0.917849,-0.664465,-0.23834,0.256196,0.698062,0.979076,1.03043,0.839563,0.453194,-0.0340754,-0.502945
0.29446,0.773885,1.13593,1.29195,1.20376,0.892932,0.43558,-0.0563235,-0.462343,-0.68307,-0.664465,-0.411081,0.0150442,0.50958,0.951446,1.23246,1.28382,1.09295,0.706578,0.219309,-0.249561
0.720585,1.20001,1.56206,1.71808,1.62988,1.31906,0.861705,0.369801,-0.0362179,-0.256946,-0.23834,0.0150442,0.441169,0.935704,1.37757,1.65858,1.70994,1.51907,1.1327,0.645433,0.176563
1.21512,1.69455,2.05659,2.21262,2.12442,1.81359,1.35624,0.864337,0.458318,0.23759,0.256196,0.50958,0.935704,1.43024,1.87211,2.15312,2.20448,2.01361,1.62724,1.13997,0.671099
1.65699,2.13641,2.49846,2.65448,2.56628,2.25546,1.79811,1.3062,0.900184,0.679456,0.698062,0.951446,1.37757,1.87211,2.31397,2.59499,2.64634,2.45547,2.06911,1.58184,1.11297
1.938,2.41743,2.77947,2.93549,2.8473,2.53647,2.07912,1.58722,1.1812,0.96047,0.979076,1.23246,1.65858,2.15312,2.59499,2.876,2.92736,2.73649,2.35012,1.86285,1.39398
1.98936,2.46878,2.83083,2.98685,2.89866,2.58783,2.13048,1.63858,1.23256,1.01183,1.03043,1.28382,1.70994,2.20448,2.64634,2.92736,2.97872,2.78785,2.40148,1.91421,1.44534
1.79849,2.27791,2.63996,2.79598,2.70778,2.39696,1.93961,1.4477,1.04168,0.820957,0.839563,1.09295,1.51907,2.01361,2.45547,2.73649,2.78785,2.59697,2.21061,1.72334,1.25447
1.41212,1.89154,2.25359,2.40961,2.32142,2.01059,1.55324,1.06134,0.655316,0.434588,0.453194,0.706578,1.1327,1.62724,2.06911,2.35012,2.40148,2.21061,1.82424,1.33697,0.868097
0.924849,1.40427,1.76632,1.92234,1.83415,1.52332,1.06597,0.574066,0.168046,-0.0526812,-0.0340754,0.219309,0.645433,1.13997,1.58184,1.86285,1.91421,1.72334,1.33697,0.849698,0.380828
0.455979,0.935404,1.29745,1.45347,1.36528,1.05445,0.597099,0.105196,-0.300824,-0.521551,-0.502945,-0.249561,0.176563,0.671099,1.11297,1.39398,1.44534,1.25447,0.868097,0.380828,-0.0880423
