0.8,1.27943,1.64147,1.7975,1.7093,1.39847,0.94112,0.449217,0.0431975,-0.17753,-0.158924,0.0944597,0.520585,1.01512,1.45699,1.738,1.78936,1.59849,1.21212,0.724849,0.255979
1.27943,1.75885,2.1209,2.27692,2.18872,1.8779,1.42055,0.928642,0.522623,0.301895,0.320501,0.573885,1.00001,1.49455,1.93641,2.21743,2.26878,2.07791,1.69154,1.20427,0.735404
1.64147,2.1209,2.48294,2.63897,2.55077,2.23994,1.78259,1.29069,0.884668,0.663941,0.682547,0.935931,1.36206,1.85659,2.29846,2.57947,2.63083,2.43996,2.05359,1.56632,1.09745
1.7975,2.27692,2.63897,2.79499,2.70679,2.39597,1.93862,1.44671,1.04069,0.819965,0.838571,1.09195,1.51808,2.01261,2.45448,2.73549,2.78685,2.59598,2.20961,1.72234,1.25347
1.7093,2.18872,2.55077,2.70679,2.61859,2.30777,1.85042,1.35851,0.952495,0.731767,0.750373,1.00376,1.42988,1.92442,2.36628,2.6473,2.69866,2.50778,2.12142,1.63415,1.16528
1.39847,1.8779,2.23994,2.39597,2.30777,1.99694,1.53959,1.04769,0.64167,0.420942,0.439548,0.692932,1.11906,1.61359,2.05546,2.33647,2.38783,2.19696,1.81059,1.32332,0.854451
0.94112,1.42055,1.78259,1.93862,1.85042,1.53959,1.08224,0.590337,0.184318,-0.0364101,-0.0178043,0.23558,0.661705,1.15624,1.59811,1.87912,1.93048,1.73961,1.35324,0.865969,0.397099
0.449217,0.928642,1.29069,1.44671,1.35851,1.04769,0.590337,0.0984336,-0.307586,-0.528313,-0.509708,-0.256324,0.169801,0.664337,1.1062,1.38722,1.43858,1.2477,0.861335,0.374066,-0.0948043
0.0431975,0.522623,0.884668,1.04069,0.952495,0.64167,0.184318,-0.307586,-0.713605,-0.934333,-0.915727,-0.662343,-0.236218,0.258318,0.700184,0.981197,1.03256,0.841685,0.455316,-0.0319536,-0.500824
-0.17753,0.301895,0.663941,0.819965,0.731767,0.420942,-0.0364101,-0.528313,-0.934333,-1.15506,-1.13645,-0.88307,-0.456946,0.0375898,0.479456,0.76047,0.811828,0.620957,0.234588,-0.252681,-0.721551
-0.158924,0.320501,0.682547,0.838571,0.750373,0.439548,-0.0178043,-0.509708,-0.915727,-1.13645,-1.11785,-0.864465,-0.43834,0.0561957,0.498062,0.779076,0.830434,0.639563,0.253194,-0.234075,-0.702945
0.0944597,0.573885,0.935931,1.09195,1.00376,0.692932,0.23558,-0.256324,-0.662343,-0.88307,-0.864465,-0.611081,-0.184956,0.30958,0.751446,1.03246,1.08382,0.892947,0.506578,0.0193086,-0.449561
0.520585,1.00001,1.36206,1.51808,1.42988,1.11906,0.661705,0.169801,-0.236218,-0.456946,-0.43834,-0.184956,0.241169,0.735705,1.17757,1.45858,1.50994,1.31907,0.932703,0.445433,-0.0234366
1.01512,1.49455,1.85659,2.01261,1.92442,1.61359,1.15624,0.664337,0.258318,0.0375898,0.0561957,0.30958,0.735705,1.23024,1.67211,1.95312,2.00448,1.81361,1.42724,0.939969,0.471099
1.45699,1.93641,2.29846,2.45448,2.36628,2.05546,1.59811,1.1062,0.700184,0.479456,0.498062,0.751446,1.17757,1.67211,2.11397,2.39499,2.44634,2.25547,1.86911,1.38184,0.912965
1.738,2.21743,2.57947,2.73549,2.6473,2.33647,1.87912,1.38722,0.981197,0.76047,0.779076,1.03246,1.45858,1.95312,2.39499,2.676,2.72736,2.53649,2.15012,1.66285,1.19398
1.78936,2.26878,2.63083,2.78685,2.69866,2.38783,1.93048,1.43858,1.03256,0.811828,0.830434,1.08382,1.50994,2.00448,2.44634,2.72736,2.77872,2.58785,2.20148,1.71421,1.24534
1.59849,2.07791,2.43996,2.59598,2.50778,2.19696,1.73961,1.2477,0.841685,0.620957,0.639563,0.892947,1.31907,1.81361,2.25547,2.53649,2.58785,2.39697,2.01061,1.52334,1.05447
1.21212,1.69154,2.05359,2.20961,2.12142,1.81059,1.35324,0.861335,0.455316,0.234588,0.253194,0.506578,0.932703,1.42724,1.86911,2.15012,2.20148,2.01061,1.62424,1.13697,0.668097
0.724849,1.20427,1.56632,1.72234,1.63415,1.32332,0.865969,0.374066,-0.0319536,-0.252681,-0.234075,0.0193086,0.445433,0.939969,1.38184,1.66285,1.71421,1.52334,1.13697,0.649698,0.180828
0.255979,0.735404,1.09745,1.25347,1.16528,0.854451,0.397099,-0.0948043,-0.500824,-0.721551,-0.702945,-0.449561,-0.0234366,0.471099,0.912965,1.19398,1.24534,1.05447,0.668097,0.180828,-0.288042
